 370915010543 | 370911 |
 370915010552 | 370911 |
 370915010556 | 370911 |
 370915010557 | 370911 |
 370915010560 | 370911 |
 370915010563 | 370921 |
 370915010565 | 370921 |
 370915010566 | 370921 |
 370915010569 | 370921 |
 370915010570 | 370921 |
 370915010571 | 370921 |
 370915010574 | 370921 |
 370915010576 | 370923 |
 370915010577 | 370923 |
 370915010580 | 370923 |
 370915010584 | 370923 |
 370915010585 | 370923 |
 370915010592 | 370982 |
 370915010593 | 370982 |
 370915010594 | 370982 |
 370915010595 | 370982 |
 370915010598 | 370982 |
 370915010599 | 370982 |
 370915010600 | 370982 |
 370915010601 | 370982 |
 370915010604 | 370982 |
 370915010605 | 370982 |
 370915010608 | 370983 |
 370915010617 | 370983 |
 370915010618 | 370983 |
 370915110067 | 370921 |
 370915110068 | 370921 |
 370915110069 | 370982 |
 370915110070 | 370982 |
 370915110071 | 370983 |
